36.816666
2272
36
2429
16423
0 6
0 124
0 128
0 147
1 9
1 12
1 87
1 194
2 117
2 132
3 127
4 10
4 28
4 77
4 127
4 151
5 143
7 133
8 187
8 198
9 60
11 39
11 111
11 117
11 177
12 30
12 55
12 74
13 42
13 44
13 63
14 106
15 47
15 134
15 144
15 171
16 152
17 35
17 78
18 160
19 108
20 35
20 36
20 126
20 174
20 186
21 133
22 87
23 109
23 119
23 187
24 141
25 50
25 89
25 125
25 138
26 194
27 152
29 106
29 178
31 148
31 176
31 182
32 95
33 88
34 62
34 79
34 93
34 131
34 164
35 105
35 154
37 159
38 83
40 96
40 126
40 130
41 86
43 160
45 52
45 57
45 70
45 127
45 173
46 60
48 132
49 92
50 152
51 132
52 106
53 194
54 95
56 194
57 164
58 103
58 171
59 118
59 180
59 190
60 63
60 76
60 172
60 198
61 71
64 95
65 121
65 160
66 86
67 83
68 193
69 107
71 72
71 102
71 123
71 146
72 83
73 195
75 140
76 137
77 81
77 92
78 104
79 133
79 141
80 106
81 97
81 113
81 191
82 87
83 166
84 198
85 101
86 167
86 171
87 90
88 92
88 158
88 161
88 192
91 159
92 115
92 183
94 112
94 153
94 179
94 189
95 117
95 176
96 197
98 195
99 127
100 131
100 152
101 157
101 188
101 189
103 107
103 164
104 128
104 168
104 181
106 145
108 135
108 139
108 155
110 140
114 133
116 193
117 152
117 172
120 143
121 194
122 140
127 185
127 196
128 198
129 150
136 162
137 189
139 193
140 171
142 159
143 158
143 184
146 162
149 150
150 158
150 170
155 166
156 198
159 175
162 178
163 195
164 165
164 169
164 199
172 175
172 190
185 195
